1185,5
1185,4
1185,3
1185,2
1185,1
1185,0
1184,3
1184,2
1184,1
1184,0
1183,4
1183,3
1183,2
1183,1
1183,0
1182,3
1182,2
1182,1
1182,0
1181,5
1181,4
1181,3
1181,2
1181,1
1181,0
1180,4
1180,3
1180,2
1180,1
1180,0
1179,4
1179,3
1179,2
1179,1
1179,0
1178,6
1178,5
1178,4
1178,3
1178,2
1178,1
1178,0
1177,6
1177,5
1177,4
1177,3
1177,2
1177,1
1177,0
1176,6
1176,5
1176,4
1176,3
1176,2
1176,1
1176,0
1175,4
1175,3
1175,2
1175,1
1175,0
1174,3
1174,2
1174,1
1174,0
1173,3
1173,2
1173,1
1173,0
1172,4
1172,3
1172,2
1172,1
1172,0
1171,4
1171,3
1171,2
1171,1
1171,0
1170,4
1170,3
1170,2
1170,1
1170,0
1169,4
1169,3
1169,2
1169,1
1169,0
1168,4
1168,3
1168,2
1168,1
1168,0
1167,4
1167,3
1167,2
1167,1
1167,0
1166,4
1166,3
1166,2
1166,1
1166,0
1165,3
1165,2
1165,1
1165,0
1164,4
1164,3
1164,2
1164,1
1164,0
1163,3
1163,2
1163,1
1163,0
1162,3
1162,2
1162,1
1162,0
1161,5
1161,4
1161,3
1161,2
1161,1
1161,0
1160,3
1160,2
1160,1
1160,0
1159,4
1159,3
1159,2
1159,1
1159,0
1158,3
1158,2
1158,1
1158,0
1157,5
1157,4
1157,3
1157,2
1157,1
1157,0
1156,3
1156,2
1156,1
1156,0
1155,4
1155,3
1155,2
1155,1
1155,0
1154,3
1154,2
1154,1
1154,0
1153,5
1153,4
1153,3
1153,2
1153,1
1153,0
1152,4
1152,3
1152,2
1152,1
1152,0
1151,4
1151,3
1151,2
1151,1
1151,0
1150,6
1150,5
1150,4
1150,3
1150,2
1150,1
1150,0
1149,6
1149,5
1149,4
1149,3
1149,2
1149,1
1149,0
1148,6
1148,5
1148,4
1148,3
1148,2
1148,1
1148,0
1147,4
1147,3
1147,2
1147,1
1147,0
1146,3
1146,2
1146,1
1146,0
1145,3
1145,2
1145,1
1145,0
1144,4
1144,3
1144,2
1144,1
1144,0
1143,4
1143,3
1143,2
1143,1
1143,0
1142,4
1142,3
1142,2
1142,1
1142,0
1141,4
1141,3
1141,2
1141,1
1141,0
1140,4
1140,3
1140,2
1140,1
1140,0
1139,4
1139,3
1139,2
1139,1
1139,0
1138,4
1138,3
1138,2
1138,1
1138,0
1137,3
1137,2
1137,1
1137,0
1136,4
1136,3
1136,2
1136,1
1136,0
1135,3
1135,2
1135,1
1135,0
1134,3
1134,2
1134,1
1134,0
1133,5
1133,4
1133,3
1133,2
1133,1
1133,0
1132,3
1132,2
1132,1
1132,0
1131,4
1131,3
1131,2
1131,1
1131,0
1130,3
1130,2
1130,1
1130,0
1129,5
1129,4
1129,3
1129,2
1129,1
1129,0
1128,3
1128,2
1128,1
1128,0
1127,4
1127,3
1127,2
1127,1
1127,0
1126,3
1126,2
1126,1
1126,0
1125,5
1125,4
1125,3
1125,2
1125,1
1125,0
1124,4
1124,3
1124,2
1124,1
1124,0
1123,4
1123,3
1123,2
1123,1
1123,0
1122,6
1122,5
1122,4
1122,3
1122,2
1122,1
1122,0
1121,6
1121,5
1121,4
1121,3
1121,2
1121,1
1121,0
1120,6
1120,5
1120,4
1120,3
1120,2
1120,1
1120,0
1119,4
1119,3
1119,2
1119,1
1119,0
1118,3
1118,2
1118,1
1118,0
1117,3
1117,2
1117,1
1117,0
1116,4
1116,3
1116,2
1116,1
1116,0
1115,4
1115,3
1115,2
1115,1
1115,0
1114,4
1114,3
1114,2
1114,1
1114,0
1113,4
1113,3
1113,2
1113,1
1113,0
1112,4
1112,3
1112,2
1112,1
1112,0
1111,4
1111,3
1111,2
1111,1
1111,0
1110,4
1110,3
1110,2
1110,1
1110,0
1109,3
1109,2
1109,1
1109,0
1108,4
1108,3
1108,2
1108,1
1108,0
1107,3
1107,2
1107,1
1107,0
1106,3
1106,2
1106,1
1106,0
1105,5
1105,4
1105,3
1105,2
1105,1
1105,0
1104,3
1104,2
1104,1
1104,0
1103,4
1103,3
1103,2
1103,1
1103,0
1102,3
1102,2
1102,1
1102,0
1101,5
1101,4
1101,3
1101,2
1101,1
1101,0
1100,3
1100,2
1100,1
1100,0
1099,4
1099,3
1099,2
1099,1
1099,0
1098,3
1098,2
1098,1
1098,0
1097,5
1097,4
1097,3
1097,2
1097,1
1097,0
1096,4
1096,3
1096,2
1096,1
1096,0
1095,4
1095,3
1095,2
1095,1
1095,0
1094,6
1094,5
1094,4
1094,3
1094,2
1094,1
1094,0
1093,6
1093,5
1093,4
1093,3
1093,2
1093,1
1093,0
1092,6
1092,5
1092,4
1092,3
1092,2
1092,1
1092,0
1091,4
1091,3
1091,2
1091,1
1091,0
1090,3
1090,2
1090,1
1090,0
1089,3
1089,2
1089,1
1089,0
1088,4
1088,3
1088,2
1088,1
1088,0
1087,4
1087,3
1087,2
1087,1
1087,0
1086,4
1086,3
1086,2
1086,1
1086,0
1085,4
1085,3
1085,2
1085,1
1085,0
1084,4
1084,3
1084,2
1084,1
1084,0
1083,4
1083,3
1083,2
1083,1
1083,0
1082,4
1082,3
1082,2
1082,1
1082,0
1081,3
1081,2
1081,1
1081,0
1080,4
1080,3
1080,2
1080,1
1080,0
1079,3
1079,2
1079,1
1079,0
1078,3
1078,2
1078,1
1078,0
1077,5
1077,4
1077,3
1077,2
1077,1
1077,0
1076,3
1076,2
1076,1
1076,0
1075,4
1075,3
1075,2
1075,1
1075,0
1074,3
1074,2
1074,1
1074,0
1073,5
1073,4
1073,3
1073,2
1073,1
1073,0
1072,3
1072,2
1072,1
1072,0
1071,4
1071,3
1071,2
1071,1
1071,0
1070,3
1070,2
1070,1
1070,0
1069,5
1069,4
1069,3
1069,2
1069,1
1069,0
1068,4
1068,3
1068,2
1068,1
1068,0
1067,4
1067,3
1067,2
1067,1
1067,0
1066,6
1066,5
1066,4
1066,3
1066,2
1066,1
1066,0
1065,6
1065,5
1065,4
1065,3
1065,2
1065,1
1065,0
1064,6
1064,5
1064,4
1064,3
1064,2
1064,1
1064,0
1063,4
1063,3
1063,2
1063,1
1063,0
1062,3
1062,2
1062,1
1062,0
1061,3
1061,2
1061,1
1061,0
1060,4
1060,3
1060,2
1060,1
1060,0
1059,4
1059,3
1059,2
1059,1
1059,0
1058,4
1058,3
1058,2
1058,1
1058,0
1057,4
1057,3
1057,2
1057,1
1057,0
1056,4
1056,3
1056,2
1056,1
1056,0
1055,4
1055,3
1055,2
1055,1
1055,0
1054,4
1054,3
1054,2
1054,1
1054,0
1053,3
1053,2
1053,1
1053,0
1052,4
1052,3
1052,2
1052,1
1052,0
1051,3
1051,2
1051,1
1051,0
1050,3
1050,2
1050,1
1050,0
1049,5
1049,4
1049,3
1049,2
1049,1
1049,0
1048,3
1048,2
1048,1
1048,0
1047,4
1047,3
1047,2
1047,1
1047,0
1046,3
1046,2
1046,1
1046,0
1045,5
1045,4
1045,3
1045,2
1045,1
1045,0
1044,3
1044,2
1044,1
1044,0
1043,4
1043,3
1043,2
1043,1
1043,0
1042,3
1042,2
1042,1
1042,0
1041,5
1041,4
1041,3
1041,2
1041,1
1041,0
1040,4
1040,3
1040,2
1040,1
1040,0
1039,4
1039,3
1039,2
1039,1
1039,0
1038,6
1038,5
1038,4
1038,3
1038,2
1038,1
1038,0
1037,6
1037,5
1037,4
1037,3
1037,2
1037,1
1037,0
1036,6
1036,5
1036,4
1036,3
1036,2
1036,1
1036,0
1035,4
1035,3
1035,2
1035,1
1035,0
1034,3
1034,2
1034,1
1034,0
1033,3
1033,2
1033,1
1033,0
1032,4
1032,3
1032,2
1032,1
1032,0
1031,4
1031,3
1031,2
1031,1
1031,0
1030,4
1030,3
1030,2
1030,1
1030,0
1029,4
1029,3
1029,2
1029,1
1029,0
1028,4
1028,3
1028,2
1028,1
1028,0
1027,4
1027,3
1027,2
1027,1
1027,0
1026,4
1026,3
1026,2
1026,1
1026,0
1025,3
1025,2
1025,1
1025,0
1024,4
1024,3
1024,2
1024,1
1024,0
1023,3
1023,2
1023,1
1023,0
1022,3
1022,2
1022,1
1022,0
1021,5
1021,4
1021,3
1021,2
1021,1
1021,0
1020,3
1020,2
1020,1
1020,0
1019,4
1019,3
1019,2
1019,1
1019,0
1018,3
1018,2
1018,1
1018,0
1017,5
1017,4
1017,3
1017,2
1017,1
1017,0
1016,3
1016,2
1016,1
1016,0
1015,4
1015,3
1015,2
1015,1
1015,0
1014,3
1014,2
1014,1
1014,0
1013,5
1013,4
1013,3
1013,2
1013,1
1013,0
1012,4
1012,3
1012,2
1012,1
1012,0
1011,4
1011,3
1011,2
1011,1
1011,0
1010,6
1010,5
1010,4
1010,3
1010,2
1010,1
1010,0
1009,6
1009,5
1009,4
1009,3
1009,2
1009,1
1009,0
1008,6
1008,5
1008,4
1008,3
1008,2
1008,1
1008,0
1007,4
1007,3
1007,2
1007,1
1007,0
1006,3
1006,2
1006,1
1006,0
1005,3
1005,2
1005,1
1005,0
1004,4
1004,3
1004,2
1004,1
1004,0
1003,4
1003,3
1003,2
1003,1
1003,0
1002,4
1002,3
1002,2
1002,1
1002,0
1001,4
1001,3
1001,2
1001,1
1001,0
1000,4
1000,3
1000,2
1000,1
1000,0
999,4
999,3
999,2
999,1
999,0
998,4
998,3
998,2
998,1
998,0
997,3
997,2
997,1
997,0
996,4
996,3
996,2
996,1
996,0
995,3
995,2
995,1
995,0
994,3
994,2
994,1
994,0
993,5
993,4
993,3
993,2
993,1
993,0
992,3
992,2
992,1
992,0
991,4
991,3
991,2
991,1
991,0
990,3
990,2
990,1
990,0
989,5
989,4
989,3
989,2
989,1
989,0
988,3
988,2
988,1
988,0
987,4
987,3
987,2
987,1
987,0
986,3
986,2
986,1
986,0
985,5
985,4
985,3
985,2
985,1
985,0
984,4
984,3
984,2
984,1
984,0
983,4
983,3
983,2
983,1
983,0
982,6
982,5
982,4
982,3
982,2
982,1
982,0
981,6
981,5
981,4
981,3
981,2
981,1
981,0
980,6
980,5
980,4
980,3
980,2
980,1
980,0
979,4
979,3
979,2
979,1
979,0
978,3
978,2
978,1
978,0
977,3
977,2
977,1
977,0
976,4
976,3
976,2
976,1
976,0
975,4
975,3
975,2
975,1
975,0
974,4
974,3
974,2
974,1
974,0
973,4
973,3
973,2
973,1
973,0
972,4
972,3
972,2
972,1
972,0
971,4
971,3
971,2
971,1
971,0
970,4
970,3
970,2
970,1
970,0
969,3
969,2
969,1
969,0
968,4
968,3
968,2
968,1
968,0
967,3
967,2
967,1
967,0
966,3
966,2
966,1
966,0
965,5
965,4
965,3
965,2
965,1
965,0
964,3
964,2
964,1
964,0
963,4
963,3
963,2
963,1
963,0
962,3
962,2
962,1
962,0
961,5
961,4
961,3
961,2
961,1
961,0
960,3
960,2
960,1
960,0
959,4
959,3
959,2
959,1
959,0
958,3
958,2
958,1
958,0
957,5
957,4
957,3
957,2
957,1
957,0
956,4
956,3
956,2
956,1
956,0
955,4
955,3
955,2
955,1
955,0
954,6
954,5
954,4
954,3
954,2
954,1
954,0
953,6
953,5
953,4
953,3
953,2
953,1
953,0
952,6
952,5
952,4
952,3
952,2
952,1
952,0
951,4
951,3
951,2
951,1
951,0
950,3
950,2
950,1
950,0
949,3
949,2
949,1
949,0
948,4
948,3
948,2
948,1
948,0
947,4
947,3
947,2
947,1
947,0
946,4
946,3
946,2
946,1
946,0
945,4
945,3
945,2
945,1
945,0
944,4
944,3
944,2
944,1
944,0
943,4
943,3
943,2
943,1
943,0
942,4
942,3
942,2
942,1
942,0
941,3
941,2
941,1
941,0
940,4
940,3
940,2
940,1
940,0
939,3
939,2
939,1
939,0
938,3
938,2
938,1
938,0
937,5
937,4
937,3
937,2
937,1
937,0
936,3
936,2
936,1
936,0
935,4
935,3
935,2
935,1
935,0
934,3
934,2
934,1
934,0
933,5
933,4
933,3
933,2
933,1
933,0
932,3
932,2
932,1
932,0
931,4
931,3
931,2
931,1
931,0
930,3
930,2
930,1
930,0
929,5
929,4
929,3
929,2
929,1
929,0
928,4
928,3
928,2
928,1
928,0
927,4
927,3
927,2
927,1
927,0
926,6
926,5
926,4
926,3
926,2
926,1
926,0
925,6
925,5
925,4
925,3
925,2
925,1
925,0
924,6
924,5
924,4
924,3
924,2
924,1
924,0
923,4
923,3
923,2
923,1
923,0
922,3
922,2
922,1
922,0
921,3
921,2
921,1
921,0
920,4
920,3
920,2
920,1
920,0
919,4
919,3
919,2
919,1
919,0
918,4
918,3
918,2
918,1
918,0
917,4
917,3
917,2
917,1
917,0
916,4
916,3
916,2
916,1
916,0
915,4
915,3
915,2
915,1
915,0
914,4
914,3
914,2
914,1
914,0
913,3
913,2
913,1
913,0
912,4
912,3
912,2
912,1
912,0
911,3
911,2
911,1
911,0
910,3
910,2
910,1
910,0
909,5
909,4
909,3
909,2
909,1
909,0
908,3
908,2
908,1
908,0
907,4
907,3
907,2
907,1
907,0
906,3
906,2
906,1
906,0
905,5
905,4
905,3
905,2
905,1
905,0
904,3
904,2
904,1
904,0
903,4
903,3
903,2
903,1
903,0
902,3
902,2
902,1
902,0
901,5
901,4
901,3
901,2
901,1
901,0
900,4
900,3
900,2
900,1
900,0
899,4
899,3
899,2
899,1
899,0
898,6
898,5
898,4
898,3
898,2
898,1
898,0
897,6
897,5
897,4
897,3
897,2
897,1
897,0
896,6
896,5
896,4
896,3
896,2
896,1
896,0
895,4
895,3
895,2
895,1
895,0
894,3
894,2
894,1
894,0
893,3
893,2
893,1
893,0
892,4
892,3
892,2
892,1
892,0
891,4
891,3
891,2
891,1
891,0
890,4
890,3
890,2
890,1
890,0
889,4
889,3
889,2
889,1
889,0
888,4
888,3
888,2
888,1
888,0
887,4
887,3
887,2
887,1
887,0
886,4
886,3
886,2
886,1
886,0
885,3
885,2
885,1
885,0
884,4
884,3
884,2
884,1
884,0
883,3
883,2
883,1
883,0
882,3
882,2
882,1
882,0
881,5
881,4
881,3
881,2
881,1
881,0
880,3
880,2
880,1
880,0
879,4
879,3
879,2
879,1
879,0
878,3
878,2
878,1
878,0
877,4
877,3
877,2
877,1
877,0
876,3
876,2
876,1
876,0
875,5
875,4
875,3
875,2
875,1
875,0
874,4
874,3
874,2
874,1
874,0
873,4
873,3
873,2
873,1
873,0
872,6
872,5
872,4
872,3
872,2
872,1
872,0
871,6
871,5
871,4
871,3
871,2
871,1
871,0
870,6
870,5
870,4
870,3
870,2
870,1
870,0
869,4
869,3
869,2
869,1
869,0
868,3
868,2
868,1
868,0
867,3
867,2
867,1
867,0
866,4
866,3
866,2
866,1
866,0
865,4
865,3
865,2
865,1
865,0
864,4
864,3
864,2
864,1
864,0
863,4
863,3
863,2
863,1
863,0
862,4
862,3
862,2
862,1
862,0
861,4
861,3
861,2
861,1
861,0
860,4
860,3
860,2
860,1
860,0
859,3
859,2
859,1
859,0
858,4
858,3
858,2
858,1
858,0
857,3
857,2
857,1
857,0
856,3
856,2
856,1
856,0
855,5
855,4
855,3
855,2
855,1
855,0
854,3
854,2
854,1
854,0
853,4
853,3
853,2
853,1
853,0
852,3
852,2
852,1
852,0
851,4
851,3
851,2
851,1
851,0
850,3
850,2
850,1
850,0
849,5
849,4
849,3
849,2
849,1
849,0
848,4
848,3
848,2
848,1
848,0
847,4
847,3
847,2
847,1
847,0
846,6
846,5
846,4
846,3
846,2
846,1
846,0
845,6
845,5
845,4
845,3
845,2
845,1
845,0
844,6
844,5
844,4
844,3
844,2
844,1
844,0
843,4
843,3
843,2
843,1
843,0
842,3
842,2
842,1
842,0
841,3
841,2
841,1
841,0
840,4
840,3
840,2
840,1
840,0
839,4
839,3
839,2
839,1
839,0
838,4
838,3
838,2
838,1
838,0
837,4
837,3
837,2
837,1
837,0
836,4
836,3
836,2
836,1
836,0
835,4
835,3
835,2
835,1
835,0
834,4
834,3
834,2
834,1
834,0
833,3
833,2
833,1
833,0
832,4
832,3
832,2
832,1
832,0
831,3
831,2
831,1
831,0
830,3
830,2
830,1
830,0
829,5
829,4
829,3
829,2
829,1
829,0
828,3
828,2
828,1
828,0
827,4
827,3
827,2
827,1
827,0
826,3
826,2
826,1
826,0
825,4
825,3
825,2
825,1
825,0
824,3
824,2
824,1
824,0
823,5
823,4
823,3
823,2
823,1
823,0
822,4
822,3
822,2
822,1
822,0
821,4
821,3
821,2
821,1
821,0
820,6
820,5
820,4
820,3
820,2
820,1
820,0
819,6
819,5
819,4
819,3
819,2
819,1
819,0
818,6
818,5
818,4
818,3
818,2
818,1
818,0
817,4
817,3
817,2
817,1
817,0
816,3
816,2
816,1
816,0
815,3
815,2
815,1
815,0
814,4
814,3
814,2
814,1
814,0
813,4
813,3
813,2
813,1
813,0
812,4
812,3
812,2
812,1
812,0
811,4
811,3
811,2
811,1
811,0
810,4
810,3
810,2
810,1
810,0
809,4
809,3
809,2
809,1
809,0
808,4
808,3
808,2
808,1
808,0
807,3
807,2
807,1
807,0
806,4
806,3
806,2
806,1
806,0
805,3
805,2
805,1
805,0
804,3
804,2
804,1
804,0
803,5
803,4
803,3
803,2
803,1
803,0
802,3
802,2
802,1
802,0
801,4
801,3
801,2
801,1
801,0
800,3
800,2
800,1
800,0
799,4
799,3
799,2
799,1
799,0
798,3
798,2
798,1
798,0
797,5
797,4
797,3
797,2
797,1
797,0
796,4
796,3
796,2
796,1
796,0
795,4
795,3
795,2
795,1
795,0
794,6
794,5
794,4
794,3
794,2
794,1
794,0
793,6
793,5
793,4
793,3
793,2
793,1
793,0
792,6
792,5
792,4
792,3
792,2
792,1
792,0
791,4
791,3
791,2
791,1
791,0
790,3
790,2
790,1
790,0
789,3
789,2
789,1
789,0
788,4
788,3
788,2
788,1
788,0
787,4
787,3
787,2
787,1
787,0
786,4
786,3
786,2
786,1
786,0
785,4
785,3
785,2
785,1
785,0
784,4
784,3
784,2
784,1
784,0
783,4
783,3
783,2
783,1
783,0
782,4
782,3
782,2
782,1
782,0
781,3
781,2
781,1
781,0
780,4
780,3
780,2
780,1
780,0
779,3
779,2
779,1
779,0
778,3
778,2
778,1
778,0
777,5
777,4
777,3
777,2
777,1
777,0
776,3
776,2
776,1
776,0
775,4
775,3
775,2
775,1
775,0
774,3
774,2
774,1
774,0
773,4
773,3
773,2
773,1
773,0
772,3
772,2
772,1
772,0
771,5
771,4
771,3
771,2
771,1
771,0
770,4
770,3
770,2
770,1
770,0
769,4
769,3
769,2
769,1
769,0
768,6
768,5
768,4
768,3
768,2
768,1
768,0
767,6
767,5
767,4
767,3
767,2
767,1
767,0
766,6
766,5
766,4
766,3
766,2
766,1
766,0
765,4
765,3
765,2
765,1
765,0
764,3
764,2
764,1
764,0
763,3
763,2
763,1
763,0
762,4
762,3
762,2
762,1
762,0
761,4
761,3
761,2
761,1
761,0
760,4
760,3
760,2
760,1
760,0
759,4
759,3
759,2
759,1
759,0
758,4
758,3
758,2
758,1
758,0
757,4
757,3
757,2
757,1
757,0
756,4
756,3
756,2
756,1
756,0
755,3
755,2
755,1
755,0
754,4
754,3
754,2
754,1
754,0
753,3
753,2
753,1
753,0
752,3
752,2
752,1
752,0
751,5
751,4
751,3
751,2
751,1
751,0
750,3
750,2
750,1
750,0
749,4
749,3
749,2
749,1
749,0
748,3
748,2
748,1
748,0
747,4
747,3
747,2
747,1
747,0
746,3
746,2
746,1
746,0
745,5
745,4
745,3
745,2
745,1
745,0
744,4
744,3
744,2
744,1
744,0
743,4
743,3
743,2
743,1
743,0
742,6
742,5
742,4
742,3
742,2
742,1
742,0
741,6
741,5
741,4
741,3
741,2
741,1
741,0
740,6
740,5
740,4
740,3
740,2
740,1
740,0
739,4
739,3
739,2
739,1
739,0
738,3
738,2
738,1
738,0
737,3
737,2
737,1
737,0
736,4
736,3
736,2
736,1
736,0
735,4
735,3
735,2
735,1
735,0
734,4
734,3
734,2
734,1
734,0
733,4
733,3
733,2
733,1
733,0
732,4
732,3
732,2
732,1
732,0
731,4
731,3
731,2
731,1
731,0
730,4
730,3
730,2
730,1
730,0
729,3
729,2
729,1
729,0
728,4
728,3
728,2
728,1
728,0
727,3
727,2
727,1
727,0
726,3
726,2
726,1
726,0
725,5
725,4
725,3
725,2
725,1
725,0
724,3
724,2
724,1
724,0
723,4
723,3
723,2
723,1
723,0
722,3
722,2
722,1
722,0
721,4
721,3
721,2
721,1
721,0
720,3
720,2
720,1
720,0
719,5
719,4
719,3
719,2
719,1
719,0
718,4
718,3
718,2
718,1
718,0
717,4
717,3
717,2
717,1
717,0
716,6
716,5
716,4
716,3
716,2
716,1
716,0
715,6
715,5
715,4
715,3
715,2
715,1
715,0
714,6
714,5
714,4
714,3
714,2
714,1
714,0
713,4
713,3
713,2
713,1
713,0
712,3
712,2
712,1
712,0
711,3
711,2
711,1
711,0
710,4
710,3
710,2
710,1
710,0
709,4
709,3
709,2
709,1
709,0
708,4
708,3
708,2
708,1
708,0
707,4
707,3
707,2
707,1
707,0
706,4
706,3
706,2
706,1
706,0
705,4
705,3
705,2
705,1
705,0
704,4
704,3
704,2
704,1
704,0
703,3
703,2
703,1
703,0
702,4
702,3
702,2
702,1
702,0
701,3
701,2
701,1
701,0
700,3
700,2
700,1
700,0
699,5
699,4
699,3
699,2
699,1
699,0
698,3
698,2
698,1
698,0
697,4
697,3
697,2
697,1
697,0
696,3
696,2
696,1
696,0
695,4
695,3
695,2
695,1
695,0
694,3
694,2
694,1
694,0
693,5
693,4
693,3
693,2
693,1
693,0
692,4
692,3
692,2
692,1
692,0
691,4
691,3
691,2
691,1
691,0
690,6
690,5
690,4
690,3
690,2
690,1
690,0
689,6
689,5
689,4
689,3
689,2
689,1
689,0
688,6
688,5
688,4
688,3
688,2
688,1
688,0
687,4
687,3
687,2
687,1
687,0
686,3
686,2
686,1
686,0
685,3
685,2
685,1
685,0
684,4
684,3
684,2
684,1
684,0
683,4
683,3
683,2
683,1
683,0
682,4
682,3
682,2
682,1
682,0
681,4
681,3
681,2
681,1
681,0
680,4
680,3
680,2
680,1
680,0
679,4
679,3
679,2
679,1
679,0
678,4
678,3
678,2
678,1
678,0
677,3
677,2
677,1
677,0
676,4
676,3
676,2
676,1
676,0
675,3
675,2
675,1
675,0
674,3
674,2
674,1
674,0
673,5
673,4
673,3
673,2
673,1
673,0
672,3
672,2
672,1
672,0
671,4
671,3
671,2
671,1
671,0
670,3
670,2
670,1
670,0
669,4
669,3
669,2
669,1
669,0
668,3
668,2
668,1
668,0
667,5
667,4
667,3
667,2
667,1
667,0
666,4
666,3
666,2
666,1
666,0
665,4
665,3
665,2
665,1
665,0
664,6
664,5
664,4
664,3
664,2
664,1
664,0
663,6
663,5
663,4
663,3
663,2
663,1
663,0
662,6
662,5
662,4
662,3
662,2
662,1
662,0
661,4
661,3
661,2
661,1
661,0
660,3
660,2
660,1
660,0
659,3
659,2
659,1
659,0
658,4
658,3
658,2
658,1
658,0
657,4
657,3
657,2
657,1
657,0
656,4
656,3
656,2
656,1
656,0
655,4
655,3
655,2
655,1
655,0
654,4
654,3
654,2
654,1
654,0
653,4
653,3
653,2
653,1
653,0
652,4
652,3
652,2
652,1
652,0
651,3
651,2
651,1
651,0
650,4
650,3
650,2
650,1
650,0
649,3
649,2
649,1
649,0
648,3
648,2
648,1
648,0
647,5
647,4
647,3
647,2
647,1
647,0
646,3
646,2
646,1
646,0
645,4
645,3
645,2
645,1
645,0
644,3
644,2
644,1
644,0
643,4
643,3
643,2
643,1
643,0
642,3
642,2
642,1
642,0
641,5
641,4
641,3
641,2
641,1
641,0
640,4
640,3
640,2
640,1
640,0
639,4
639,3
639,2
639,1
639,0
638,6
638,5
638,4
638,3
638,2
638,1
638,0
637,6
637,5
637,4
637,3
637,2
637,1
637,0
636,6
636,5
636,4
636,3
636,2
636,1
636,0
635,4
635,3
635,2
635,1
635,0
634,3
634,2
634,1
634,0
633,3
633,2
633,1
633,0
632,4
632,3
632,2
632,1
632,0
631,4
631,3
631,2
631,1
631,0
630,4
630,3
630,2
630,1
630,0
629,4
629,3
629,2
629,1
629,0
628,4
628,3
628,2
628,1
628,0
627,4
627,3
627,2
627,1
627,0
626,4
626,3
626,2
626,1
626,0
625,3
625,2
625,1
625,0
624,4
624,3
624,2
624,1
624,0
623,3
623,2
623,1
623,0
622,3
622,2
622,1
622,0
621,5
621,4
621,3
621,2
621,1
621,0
620,3
620,2
620,1
620,0
619,4
619,3
619,2
619,1
619,0
618,3
618,2
618,1
618,0
617,5
617,4
617,3
617,2
617,1
617,0
616,4
616,3
616,2
616,1
616,0
615,4
615,3
615,2
615,1
615,0
614,6
614,5
614,4
614,3
614,2
614,1
614,0
613,6
613,5
613,4
613,3
613,2
613,1
613,0
612,6
612,5
612,4
612,3
612,2
612,1
612,0
611,4
611,3
611,2
611,1
611,0
610,3
610,2
610,1
610,0
609,3
609,2
609,1
609,0
608,4
608,3
608,2
608,1
608,0
607,4
607,3
607,2
607,1
607,0
606,4
606,3
606,2
606,1
606,0
605,4
605,3
605,2
605,1
605,0
604,4
604,3
604,2
604,1
604,0
603,4
603,3
603,2
603,1
603,0
602,4
602,3
602,2
602,1
602,0
601,3
601,2
601,1
601,0
600,4
600,3
600,2
600,1
600,0
599,3
599,2
599,1
599,0
598,3
598,2
598,1
598,0
597,5
597,4
597,3
597,2
597,1
597,0
596,3
596,2
596,1
596,0
595,4
595,3
595,2
595,1
595,0
594,3
594,2
594,1
594,0
593,4
593,3
593,2
593,1
593,0
592,4
592,3
592,2
592,1
592,0
591,6
591,5
591,4
591,3
591,2
591,1
591,0
590,6
590,5
590,4
590,3
590,2
590,1
590,0
589,6
589,5
589,4
589,3
589,2
589,1
589,0
588,4
588,3
588,2
588,1
588,0
587,3
587,2
587,1
587,0
586,3
586,2
586,1
586,0
585,4
585,3
585,2
585,1
585,0
584,4
584,3
584,2
584,1
584,0
583,4
583,3
583,2
583,1
583,0
582,4
582,3
582,2
582,1
582,0
581,4
581,3
581,2
581,1
581,0
580,4
580,3
580,2
580,1
580,0
579,4
579,3
579,2
579,1
579,0
578,3
578,2
578,1
578,0
577,4
577,3
577,2
577,1
577,0
576,3
576,2
576,1
576,0
575,3
575,2
575,1
575,0
574,5
574,4
574,3
574,2
574,1
574,0
573,3
573,2
573,1
573,0
572,4
572,3
572,2
572,1
572,0
571,3
571,2
571,1
571,0
0,310
0,305
0,308
0,307
0,302
0,304
0,303
0,12
0,10
0,8
0,0
0,416
0,300
0,555
0,413
0,299
0,565
0,493
0,298
0,574
0,412
0,297
0,444
0,411
0,296
0,474
0,410
0,295
0,529
0,552
0,294
0,492
0,409
0,293
0,528
0,457
0,292
0,434
0,549
0,291
0,401
0,405
0,290
0,560
0,476
0,289
0,548
0,436
0,288
0,572
0,404
0,287
0,547
0,403
0,286
0,546
0,402
0,285
0,527
0,538
0,284
0,526
0,329
0,283
0,535
0,525
0,282
0,398
0,334
0,281
0,524
0,544
0,280
0,559
0,394
0,279
0,393
0,445
0,278
0,391
0,277
0,415
0,388
0,276
0,564
0,333
0,275
0,542
0,387
0,274
0,423
0,386
0,273
0,486
0,385
0,272
0,482
0,361
0,271
0,414
0,384
0,270
0,523
0,433
0,269
0,543
0,432
0,268
0,319
0,381
0,267
0,522
0,407
0,266
0,563
0,534
0,265
0,449
0,380
0,264
0,551
0,379
0,263
0,485
0,378
0,262
0,475
0,455
0,261
0,377
0,260
0,521
0,396
0,259
0,473
0,483
0,258
0,467
0,374
0,257
0,520
0,400
0,256
0,541
0,419
0,255
0,390
0,373
0,254
0,533
0,372
0,253
0,421
0,371
0,252
0,566
0,462
0,251
0,477
0,370
0,250
0,466
0,553
0,249
0,518
0,505
0,248
0,575
0,367
0,247
0,540
0,517
0,246
0,515
0,569
0,245
0,429
0,366
0,244
0,417
0,365
0,242
0,350
0,364
0,241
0,472
0,363
0,240
0,514
0,516
546,1
546,4
547,3
547,1
0,322
0,368
0,376
0,451
0,452
0,481
0,487
0,494
0,500
0,511
2,2
2,4
3,0
3,1
543,0
543,2
543,3
545,1
545,2
546,2
547,2
548,1
548,3
549,0
549,2
549,3
550,0
550,2
550,3
551,1
551,2
551,4
552,1
552,2
552,4
553,0
553,2
553,3
555,0
555,2
555,3
557,0
557,1
557,3
560,0
560,1
560,3
560,4
563,1
563,2
563,4
563,6
565,0
565,2
565,3
566,0
566,2
566,3
566,5
568,0
568,2
568,3
570,0
570,2
570,3
570,4
570,1
568,4
568,1
566,4
566,1
565,4
565,1
563,5
563,3
563,0
560,2
557,4
557,2
555,4
555,1
553,4
553,1
552,3
552,0
551,3
551,0
550,1
549,4
549,1
548,2
548,0
545,3
545,0
543,1
3,3
2,5
0,556
0,501
0,489
0,470
0,408
0,369
0,243
547,0
546,5
546,3
546,0
1,1
1,3
1,0
2,1
2,3
2,0
0,9
0,239
0,399
0,362
0,238
0,460
0,422
0,237
0,539
0,504
0,236
0,330
0,359
0,235
0,537
0,513
0,234
0,345
0,459
0,233
0,435
0,358
0,232
0,503
0,357
0,231
0,383
0,356
0,230
0,420
0,355
0,229
0,502
0,354
0,228
0,463
0,353
0,227
0,509
0,418
0,226
0,499
0,352
0,225
0,454
0,458
0,224
0,508
0,510
0,223
0,512
0,349
0,222
0,397
0,453
0,221
0,507
0,488
0,220
0,430
0,348
0,219
0,571
0,347
0,218
0,495
0,346
0,217
0,506
0,318
0,216
0,450
0,395
0,215
0,480
0,343
0,214
0,468
0,342
0,213
0,573
0,341
0,212
0,568
0,340
0,211
0,392
0,339
0,210
0,441
0,338
0,209
0,465
0,337
0,208
0,382
0,336
0,207
0,446
0,456
0,206
0,464
0,335
0,205
0,443
0,360
0,204
0,442
0,469
0,203
0,471
0,332
0,202
0,536
0,439
0,201
0,532
0,428
0,200
0,490
0,331
0,199
0,438
0,570
0,198
0,437
0,498
0,197
0,491
0,328
0,196
0,550
0,561
0,195
0,531
0,554
0,194
0,344
0,327
0,193
0,484
0,326
0,192
0,440
0,325
0,63
0,567
0,324
0,62
0,545
0,323
0,61
0,447
0,321
0,60
0,448
0,427
0,59
0,389
0,320
0,58
0,426
0,461
0,57
0,425
0,431
0,56
0,351
0,317
0,55
0,530
0,519
0,54
0,558
0,424
0,53
0,406
0,316
0,52
0,557
0,315
0,51
0,497
0,314
0,50
0,478
0,313
0,49
0,562
0,312
0,48
0,496
0,311
0,47
0,309
0,46
0,375
0,306
0,45
0,479
0,301
0,6
0,5
0,1
0,11
0,4
0,2
0,3
0,7
